 Matrix de coef.
   1.0000000001675335        1.0000000001675335        1.0000000001675335     
   1.8386669592028102       -1.7735587151706438        0.0000000000000000     
   0.0000000000000000        1.7735587151679333       -3.0661054209891319     
 Ind. terms
   9.9999776482583014E-005
  -2.3032482219934879E-004
   2.2555952154909753E-003
 Matrix de coef.
  0.99999999999406119       0.99999999999406119       0.99999999999406119     
   1.9549350108152619       -1.9644909125984242        0.0000000000000000     
   0.0000000000000000        1.9644909125994405       -2.6193763026188766     
 Ind. terms
   1.6752224607508026E-014
   2.2178078700924860E-005
   7.9205855371672565E-005
 Matrix de coef.
  0.99999999999406119       0.99999999999406119       0.99999999999406119     
   1.9637651176367399       -1.9679482316519168        0.0000000000000000     
   0.0000000000000000        1.9679482316519168       -2.5975769046908712     
 Ind. terms
  -0.0000000000000000     
  -6.8639409325896851E-008
   2.6177154339677599E-007
 Matrix de coef.
  0.99999999999406119       0.99999999999406119       0.99999999999406119     
   1.9637720560581331       -1.9679730234543056        0.0000000000000000     
   0.0000000000000000        1.9679730234543060       -2.5975217155291830     
 Ind. terms
  -0.0000000000000000     
   4.7065952912817012E-013
   1.5429151289936273E-012
 Matrix de coef.
  0.99999999999406119       0.99999999999406119       0.99999999999406119     
   1.9637720561718199       -1.9679730234543056        0.0000000000000000     
   0.0000000000000000        1.9679730234543056       -2.5975217150175927     
 Ind. terms
  -0.0000000000000000     
  -1.1368683772161604E-018
   2.8421709430404009E-018
 Matrix de coef.
  0.99999999999406119       0.99999999999406119       0.99999999999406119     
   1.9637720561718197       -1.9679730234543060        0.0000000000000000     
   0.0000000000000000        1.9679730234543060       -2.5975217151312795     
 Ind. terms
  -0.0000000000000000     
  -0.0000000000000000     
  -0.0000000000000000     
